#Faca=0.09382530177645866 Fcluster=0.09376658125384858
#L W sum(c^2)
0.0939035761483584 0.09374570309034078 7.909502529741868e-07
0.09380380694539882 0.093881018389147 7.142514081121088e-07
0.09381647800556019 0.09382610820779941 6.498745521907124e-07
0.09383475572574702 0.09382610820779941 6.498744376380365e-07
0.09386209499561904 0.09378455336373695 6.495552606420477e-07
0.09390315678309605 0.09379652252037537 6.489031843857385e-07
0.09396458800607549 0.09381652378903668 6.476758954115355e-07
0.09405642680462992 0.09379736624480181 6.445690422627829e-07
0.09419409012912024 0.09379736624480181 6.44569000853072e-07
0.09440025004610654 0.09380477981603116 6.431150710172153e-07
