#Faca=0.1423999906079666 Fcluster=0.08372709510089955
#L W sum(c^2)
0.14240107390932083 0.14231388187979846 3.920741666209615e-08
0.142400760717294 0.14227653590107878 2.3220786778190336e-08
0.1424008148466394 0.14232949978491605 6.16383191480564e-09
0.1424006210938764 0.14234293394242553 4.758728444193932e-09
0.1424003338071085 0.1424109659997631 2.0789601498633118e-09
0.1424003168256514 0.1424021645591147 2.030221446167942e-10
0.14240033609689334 0.1424021645591147 2.0302214239925606e-10
0.14240032166745142 0.14240702213209158 9.470739649177092e-11
0.14240032135981484 0.14240531542863227 2.4206452545124984e-11
0.1424003291146269 0.14240531542863227 2.4206453854353396e-11
