#Faca=0.18436311231469507 Fcluster=0.11594274806860051
#L W sum(c^2)
1.296162991895761 0.1062089372286955 0.23799081093341315
4.244826113643841 0.146821196333202 0.2334779925069853
8.618019087090497 0.16461898742260017 0.2329205179287863
15.167479872371024 0.17441874726876583 0.2328008545871631
24.98828625582297 0.1797470446800815 0.23277388817777891
39.71835194285107 0.18251786752834517 0.23276822057391539
61.81310698692158 0.1837815410387434 0.23276729610240346
94.95516255871914 0.18422381428461118 0.23276720202290613
144.66823516495393 0.1843303717172515 0.23276719642742477
219.23784325137035 0.18434112786924317 0.2327671961099176
