#Faca=0.15758888595510878 Fcluster=0.09481006107743363
#L W sum(c^2)
0.15758917842820175 0.15768535479971318 3.563209232430941e-08
0.15758891448415155 0.15762155515031007 6.806514677137777e-09
0.1575890421063018 0.15762155515031007 6.806514680158674e-09
0.1575890325109696 0.1576335230873873 1.278491071803394e-09
0.15758908644731054 0.1576335230873873 1.278491056623039e-09
0.15758882141559272 0.1575468419365499 2.0746384113229992e-09
0.15758895421869357 0.1575548896794833 1.341287028010455e-09
0.15758900328859737 0.1575545372972425 7.877744609810389e-10
0.15758886787911663 0.15760540888105756 3.915221242914409e-10
0.15758891518324913 0.15760294094489896 1.2694580218813906e-10
