#Faca=0.12596679654674264 Fcluster=0.07234463835085354
#L W sum(c^2)
0.1259687572884896 0.12586404444121163 1.57467286788862e-07
0.12596733887627853 0.12598522537159754 6.543528926468056e-08
0.125967700892659 0.12594662885477126 5.74035818182738e-10
0.12596771703741425 0.12594662885477126 5.740356507565018e-10
0.12596765956221062 0.1259414459420976 1.5616050530189535e-09
0.12596766461621245 0.12595141863388504 4.955742292588563e-10
0.12596771165704718 0.12595141863388504 4.955742273959315e-10
0.12596771736098955 0.12594915599568351 4.025162462910812e-10
0.12596754684348854 0.12597576557540963 4.855146011251858e-10
0.12596751900554287 0.12597623727780516 1.249320129098472e-10
