#Faca=0.1051102758061014 Fcluster=0.10499424591890914
#L W sum(c^2)
0.10516845790584814 0.10490726377054639 5.051131741672936e-08
0.10510884638422861 0.10521460840707589 9.662854711423528e-09
0.10510892727768081 0.10514539840304245 2.278521906774966e-09
0.1051089913611086 0.10514539840304245 2.278521857994684e-09
0.10510900810323233 0.10509757974718151 1.5049828708656516e-09
0.10510908764284817 0.1051038393015436 1.1395092578826703e-09
0.10510919580720303 0.1051038393015436 1.1395092496049314e-09
0.10510934881941882 0.10511163944837647 1.1278092570900314e-09
0.10510958456904478 0.10511250593165775 1.1093870607356047e-09
0.1051099399737567 0.10511250593165775 1.1093870595437697e-09
