#Faca=0.024326262151205123 Fcluster=0.012323206764213772
#L W sum(c^2)
0.024326842336495222 0.02433200684408642 1.2454367684510767e-08
0.02432658646694463 0.024329862289266237 5.886544446864178e-09
0.024326696839652866 0.024329862289266237 5.886544445628883e-09
0.024326560327698532 0.024328365600253785 1.924122835506801e-09
0.02432659240520851 0.02432952457072043 1.0707831832882766e-09
0.024326596783948915 0.024328381398067932 3.157882556324444e-10
0.024326575190091123 0.024329197640598658 1.1644047616816463e-10
0.024326568734039527 0.02432870056314893 1.574337048977083e-11
0.02432657209641604 0.02432870056314893 1.5743365386207997e-11
0.024326569085533812 0.024328879276547203 1.3909287913532175e-11
