#Faca=0.12784880579654767 Fcluster=0.12752390874777017
#L W sum(c^2)
0.12790533000996307 0.1277032372290059 6.812261312942984e-08
0.12784889938636818 0.12797425492226394 2.7005982294911052e-08
0.1278490990526833 0.1278793312997287 1.0543339114617206e-09
0.12784908627636216 0.12783677775331923 2.2347568050918216e-09
0.12784906626417994 0.12783824487362455 5.641837414277805e-10
0.12784907337296605 0.12784910486392703 2.576625133009209e-11
0.12784907581874666 0.12784910486392703 2.5766249111521503e-11
0.12784907154448497 0.12784974399650223 3.3030223633792126e-11
0.12784907328348755 0.12785044623435954 6.882721880265368e-12
0.1278490754884454 0.12785044623435954 6.882721771023388e-12
