#Faca=0.13754417626916066 Fcluster=0.13706428840431617
#L W sum(c^2)
0.13760683209319635 0.13686652503192803 1.1803700748670668e-06
0.13754109339154758 0.13798390197795407 5.00236804924634e-07
0.13754470793132437 0.13761059848423268 3.068011729859542e-09
0.13754467566440245 0.1375257851876227 9.267921524397097e-10
0.13754467018570862 0.13753442402868307 4.3598103239740983e-10
0.13754466819717462 0.13754607132410507 1.7190541845249546e-10
0.13754466870931725 0.13754571773971128 1.1334631988152846e-10
0.13754467265510317 0.13754665221505344 8.219693144342811e-11
0.13754467932186687 0.13754436243085663 6.442509859610459e-11
0.13754466480256236 0.13754384642829787 2.8003709608579423e-11
