#Faca=0.2321708394721839 Fcluster=0.16152426385380275
#L W sum(c^2)
0.23217217286973008 0.23227358237197115 8.137026703955239e-09
0.23217227458256323 0.2322735823719712 8.137026650510478e-09
0.23217211500019796 0.23220428781497404 6.234243552775029e-09
0.2321718888237504 0.23217794843281264 2.254521770663576e-09
0.23217185969913845 0.23215626062360045 5.905899767979996e-10
0.23217189707240926 0.23215626062360045 5.905899765386407e-10
0.23217185031191476 0.23216304921938877 2.6469861294404684e-10
0.23217185206516652 0.23215893740033866 1.5421249792697883e-10
0.2321718469372775 0.23216967188833693 3.3768538642779603e-11
0.23217183942861705 0.23216841231580282 2.7506194969166456e-11
