#Faca=0.11179713997232939 Fcluster=0.1116367963489023
#L W sum(c^2)
0.11184760895913455 0.11208805691641063 3.5149654152688667e-07
0.11179634077208842 0.11174268313919578 1.1382215351000616e-07
0.11179736003343799 0.11173127438682944 2.8372682868634962e-09
0.11179736252263482 0.11180136434079273 5.481699218532267e-11
0.11179736483522658 0.11180136434079273 5.481699098028149e-11
0.11179736830411419 0.11180136434079273 5.4816990120355805e-11
0.1117973562790868 0.11179418400234424 1.0011122034067025e-10
0.11179735708786463 0.11179547255333556 1.4924281333733787e-11
0.11179735606447035 0.11179622354231356 7.955050364289375e-12
0.1117973551285045 0.11179752203268778 4.585353378112792e-12
