#Faca=0.26710517749860746 Fcluster=0.22940927910266848
#L W sum(c^2)
0.2671087865534212 0.26735526398401754 4.2790270302509474e-08
0.2671080570964838 0.266992870259516 2.0515569593335967e-08
0.2671080640650503 0.2670567620769891 3.274109619716299e-09
0.26710815614938266 0.2670567620769891 3.2741095944383873e-09
0.2671079352434504 0.26713293395445226 2.0516597041206464e-09
0.2671079529273447 0.26713810429201595 5.393483676795159e-10
0.26710791711370807 0.26710803174242614 4.044069635135416e-12
0.2671079176895138 0.26710803174242614 4.044068484793156e-12
0.2671079185532225 0.26710803174242614 4.0440684510622446e-12
0.2671079198487838 0.26710803174242614 4.04406623589673e-12
