#Faca=0.119326805690502 Fcluster=0.11910113535090468
#L W sum(c^2)
0.11938249509189594 0.11941341231065035 2.1737941072340943e-09
0.11932736635484185 0.1192582420020356 3.2839552504081016e-09
0.11932732427343266 0.11935109345040507 5.70090905512499e-10
0.11932734030723935 0.11935109345040507 5.700909053840761e-10
0.11932731276783091 0.1193159063174083 3.5695775355137483e-10
0.11932731731816408 0.11932180022307977 7.429995572148412e-11
0.11932732437085511 0.11932180022307977 7.429995538547235e-11
0.11932731653915273 0.11932931717551845 8.670117549548056e-11
0.11932732147437489 0.11932893618725725 2.719604921628587e-11
0.11932732617981877 0.11932852723150045 2.1193276505687246e-11
