#Faca=0.2575848913253903 Fcluster=0.195315625858629
#L W sum(c^2)
0.2575866433058583 0.25763844478938325 8.09228251650457e-09
0.25758653609539434 0.2576435107403887 3.5904264389318954e-09
0.25758660341589007 0.2576435107403887 3.5904264357055916e-09
0.25758651428947876 0.2576002232334434 9.446644216772036e-10
0.2575864296226043 0.25757781302322846 2.696825411994132e-10
0.2575864043479875 0.25756631803500196 3.2728318984529585e-10
0.2575864148932483 0.25757400761089433 1.63959491798518e-10
0.2575864010393946 0.2575798167208817 9.902303764004524e-11
0.25758639571997755 0.2575857798294051 2.880916019872646e-11
0.25758639397653477 0.25758513544413664 1.3635917767494762e-11
