#Faca=0.19269027277711656 Fcluster=0.189522877032809
#L W sum(c^2)
0.19271101958104392 0.19280223552601233 1.376079730135582e-07
0.19269003648539257 0.19262557121411997 5.277375789735665e-08
0.19269046986876776 0.19264290107669965 2.000597534350606e-09
0.19269041988097885 0.19273287078092177 1.4367044783208212e-09
0.19269039805999397 0.19267166996274462 3.0121321422687056e-10
0.19269038654612003 0.19270721151775608 2.1856113617820032e-10
0.19269038388665896 0.19268485601876392 1.1571103729447664e-10
0.192690379220856 0.1926890815985771 4.8317399751344835e-11
0.192690381341087 0.19268945102136759 1.435571218636176e-11
0.19269038047398543 0.19269146317947441 1.5306407579560678e-11
