#Faca=0.08926236695462601 Fcluster=0.04883277456940984
#L W sum(c^2)
0.08926263510986875 0.08923844321859725 1.826853753173888e-08
0.08926260919554645 0.08922419890697414 9.840206903379164e-09
0.08926259011096324 0.08924141213314721 2.012974499381263e-09
0.08926253344369427 0.08923585468792673 1.5782467092910128e-09
0.08926251771988629 0.08924357521452181 6.138251071316745e-10
0.08926255656350596 0.08924357521452181 6.138251010498375e-10
0.08926257132570191 0.08924156962673123 4.2676219488202894e-10
0.08926259930901397 0.08924529377913498 2.651313301293381e-10
0.08926260547453121 0.08924536506963257 2.200855373519557e-10
0.08926234385597479 0.08929003052985159 4.535115941199213e-10
