#Faca=0.06894901710670644 Fcluster=0.03678497010316624
#L W sum(c^2)
0.06894990274189328 0.06892336918454074 2.745581425051637e-08
0.06894959469274349 0.06894903668985693 8.551592635295873e-09
0.06894961051143728 0.06894062592873454 1.8589149390003177e-10
0.0689496157396346 0.06894062592873454 1.8589148272724748e-10
0.0689496235819326 0.06894062592873454 1.858914958262059e-10
0.0689495814071221 0.06894412567268139 5.891552246605071e-10
0.0689495741480942 0.068941545148684 7.578221825674276e-11
0.06894958493818064 0.068941545148684 7.578222253795011e-11
0.06894958458409585 0.0689427540182966 5.955038039628194e-11
0.06894959278756252 0.06894232979840063 3.632080428425961e-11
