#Faca=0.08459100016572108 Fcluster=0.084554142618056
#L W sum(c^2)
0.08475612335344417 0.08415424264225771 2.712579357090512e-07
0.08458289502786004 0.08484805585941785 6.844628423284719e-08
0.08458384339338404 0.08466589649927565 3.42332146940596e-08
0.08458474049547186 0.08462105690429815 3.1977234436594197e-08
0.08458603614758217 0.08460598912478846 3.146845228346946e-08
0.08458798712766345 0.08460178884877786 3.111154540192894e-08
0.08459091205754524 0.08459726158576948 3.101819702269399e-08
0.08459522023428617 0.08459990404041651 3.0565815644942395e-08
0.08460136983203015 0.08459741856308477 2.906397758265626e-08
0.0846106759683204 0.08460036403206841 2.906000711784188e-08
