#Faca=0.16134508452986404 Fcluster=0.16019920316050937
#L W sum(c^2)
0.1613801851703482 0.16108152098653006 2.014932386223423e-07
0.16134450158685107 0.1615217780615115 8.736754979851183e-08
0.16134515249238982 0.1614082962943139 2.455592838568579e-09
0.16134511925141007 0.16131991344036772 3.929994829613421e-10
0.16134513583107593 0.16131991344036772 3.929994862194804e-10
0.16134512517887356 0.1613563709563007 1.6275696457348087e-10
0.16134512671981946 0.16135024469201506 4.792815136530769e-11
0.1613451335439645 0.16135024469201506 4.792815145864471e-11
0.1613451269803811 0.1613450582758332 3.63320103717735e-11
0.16134512780838264 0.16134291907173762 8.060668617458213e-12
