#Faca=0.08904207167522 Fcluster=0.08900663720744834
#L W sum(c^2)
0.08913957415087001 0.08905364968522084 4.990219230016774e-06
0.08904337460540651 0.08908574160785594 4.76401388436906e-06
0.08913269984592148 0.08908574160785594 4.764011614036569e-06
0.08926656560359496 0.08901126831233447 4.7590491163129545e-06
0.08946682271068099 0.089068187104339 4.73918923783357e-06
0.08976647885166612 0.08902960367307923 4.731438062160624e-06
0.09021447810901731 0.08905718302314947 4.705077761591339e-06
0.09088348925549979 0.08905111925211281 4.684757447239129e-06
0.0918668176996403 0.08909573660756531 4.5792597991871645e-06
0.09333088336709017 0.08909646360908953 4.557204866681211e-06
