#Faca=0.10826196942998052 Fcluster=0.060699951692013046
#L W sum(c^2)
0.10826319852879432 0.10832509624320769 7.180116561194959e-08
0.1082625457585228 0.10825597221576508 3.0167827866512465e-08
0.10826264539096447 0.10827959450169694 1.7688445092870637e-10
0.10826265036583713 0.10827959450169694 1.76884336955465e-10
0.10826265782814547 0.10827959450169694 1.7688434037529814e-10
0.10826266902160685 0.10827959450169694 1.768843341685041e-10
0.10826268581180011 0.10827959450169694 1.768843378634185e-10
0.10826271099709009 0.10827959450169694 1.7688434043456335e-10
0.10826190186663806 0.10823837887161254 4.0058784672694547e-10
0.10826202096062526 0.10823795368159722 3.5362136866925263e-10
