#Faca=0.1843631123110742 Fcluster=0.115942748074937
#L W sum(c^2)
0.14787754155424943 0.12688982090668183 0.004197544129513517
0.1778670479071181 0.16132987223015777 0.00042672052167578645
0.18290389394286352 0.1743583052666665 6.704115900291767e-05
0.18407871267753065 0.18033826392499575 9.927447752241701e-06
0.1843236693565374 0.18303620663189396 1.0363138028336994e-06
0.1843596363124624 0.18402062946787173 6.807651161616781e-08
0.18436294465143685 0.18429631410630265 2.6982626709773377e-09
0.1843631412119249 0.1843392443386894 6.80361066203543e-10
0.18436312971728247 0.18435371063630712 2.503729677624908e-10
0.18436312631287827 0.18435972943977402 4.039466288940007e-11
