#Faca=0.04730716118193416 Fcluster=0.024600137675763304
#L W sum(c^2)
0.04731012333370855 0.04729703946664582 1.1584632577578457e-08
0.04730956259585502 0.047313660706777144 1.6646410905174176e-08
0.04730944994102727 0.04730273030532391 1.5512381643887194e-09
0.04730949356960009 0.04730273030532391 1.551238153210673e-09
0.04730941013647456 0.04730726077057949 8.38473317779992e-10
0.04730939053894865 0.04730483808207906 1.0490492977044304e-10
0.04730936047253735 0.04730646411797513 1.9028208474129205e-10
0.047309343422355155 0.04730519210321442 5.5672705124090997e-11
0.04730933798432436 0.047305937077055944 2.5682256903552194e-11
0.047309332717079704 0.047305499216798844 2.3361887716365537e-11
