#Faca=0.18436311231526023 Fcluster=0.11594274806899058
#L W sum(c^2)
0.18436602747025288 0.18433827319801943 1.1310765303786074e-07
0.18436505636359055 0.18423524966089203 3.6170124592278285e-08
0.184365251039492 0.1843081595312953 2.721213966419063e-09
0.18436439995376622 0.18445906381315336 1.3264988808006173e-08
0.18436437167310266 0.18441735084066324 3.3918112428884496e-09
0.18436429328888654 0.18437967880406278 6.419720744240385e-10
0.18436418342776098 0.18435801346502462 4.99141333703751e-10
0.18436414836733198 0.18435246627979662 1.62789117923415e-10
0.18436416286953428 0.18435573841305208 9.745686002391808e-11
0.18436415828599104 0.18435746655193333 3.740862522725212e-11
