#Faca=0.1759574213778852 Fcluster=0.17409069881280856
#L W sum(c^2)
0.17599808492564156 0.17565009116266234 2.2142337719013023e-07
0.17595690411913437 0.1761779917522271 9.59059676344709e-08
0.17595757368990303 0.17598764814620171 1.072739712342578e-09
0.1759576038607072 0.17598764814620171 1.0727396943098375e-09
0.1759575701747564 0.17593855904444414 1.1606231720615503e-09
0.17595758824622365 0.17594146952934608 5.094848065539386e-10
0.17595760311872954 0.17595828875620845 2.560166486498134e-10
0.1759575678247991 0.1759661829400532 1.660935971933425e-10
0.1759575692928033 0.17596134377328276 4.015750133069194e-11
0.17595748181944385 0.17595283548342927 2.1651326370613027e-10
