#Faca=0.2527183154688818 Fcluster=0.23279054868770305
#L W sum(c^2)
0.252733088546834 0.2524627264028326 4.7109054546084185e-08
0.25271821919504667 0.2528333481288467 8.26427251130071e-09
0.2527183741501563 0.2528333481288467 8.264272512887983e-09
0.2527183108404361 0.2526758504160825 1.3425946654037407e-09
0.25271836748114873 0.2526758504160825 1.3425946667417105e-09
0.25271832349865403 0.2527344157498055 4.5326877300430414e-10
0.2527183369074835 0.25272785718709634 8.309243631144129e-11
0.25271834873841464 0.25272785718709634 8.309241576537229e-11
0.2527183250072913 0.25270875013161864 6.419458836411256e-11
0.25271832649610254 0.2527212059106116 1.2325962616153269e-11
