#Faca=0.21159948567816536 Fcluster=0.20598306930965127
#L W sum(c^2)
0.21161606470444402 0.21159488060093706 3.480768938658139e-07
0.2115984075292496 0.2116041654217556 1.605050376567932e-07
0.21159957169839916 0.21164390543124134 3.4539242287115897e-09
0.21159954486481974 0.21162613138313235 6.700569469152116e-10
0.21159950809198022 0.21156467461996364 1.0738990356670468e-09
0.2115995371711777 0.2115963867959682 1.7765337542523235e-10
0.21159953048747548 0.21160096118325689 9.528860154696028e-11
0.2115995361209731 0.211599262269823 3.002373623323022e-11
0.21159954253326843 0.211599262269823 3.002373569076102e-11
0.21159949266066144 0.2115991887051459 1.223305628107449e-10
