#Faca=0.2322303752924504 Fcluster=0.22182297226354772
#L W sum(c^2)
0.23224808117176696 0.232219465831538 1.644518998678097e-08
0.2322307156329834 0.23223884638929512 1.9605540295337323e-08
0.23223072701304373 0.23221641448354055 5.870986216690414e-10
0.23223074352519246 0.23221641448354055 5.870986201308339e-10
0.23223073579876766 0.23224090238127906 3.7867697983770615e-10
0.23223073503434652 0.23223556554259933 1.8098738536247633e-10
0.23223075221400882 0.23223556554259933 1.8098738638160413e-10
0.23223075035267218 0.23223430579627632 1.1596174451163339e-10
0.23223064743983235 0.23222813957972285 4.577562912354867e-10
0.23223066333342024 0.23222444130050918 5.0652508624567447e-11
