#Faca=0.17156482804646847 Fcluster=0.10555907350391333
#L W sum(c^2)
0.17156704907438056 0.17163026035231166 2.699446026039748e-07
0.17156454105158267 0.1714717847002396 1.3079332160895597e-07
0.17156532577163144 0.17155243097590273 4.883031537587874e-09
0.1715653271670718 0.17157268363208356 4.085523153381164e-09
0.17156525947531268 0.17155768449266123 6.756406585196339e-10
0.17156524332238438 0.17156654463883647 9.927528098267008e-11
0.17156525274577994 0.17156654463883647 9.927527883761924e-11
0.1715652487423905 0.17156388721099497 5.32669601806096e-11
0.1715652601188339 0.17156388721099497 5.326696865807546e-11
0.1715652566699737 0.1715661641638679 2.5061950424897254e-11
