#Faca=0.14862766569188343 Fcluster=0.14789806244102965
#L W sum(c^2)
0.1486658407784171 0.1488692620693416 5.76628403716355e-08
0.1486278532761654 0.1484890745771667 1.9035165017459282e-08
0.14862795713706997 0.1486245638258908 9.964380074059409e-10
0.14862792810476635 0.14862653528147593 2.769981996945257e-09
0.14862792826407345 0.14863399851825834 9.165506234328841e-10
0.14862794461090448 0.14862619261795332 5.262470685918936e-10
0.14862787120404616 0.14862721676349172 2.2086041423994343e-10
0.14862787054650428 0.14862619219727582 1.0181026314419574e-10
0.1486278396128 0.14863149011371382 2.894993068026739e-11
0.14862775479721327 0.1486263573346374 2.4347203451673767e-10
