#Faca=0.08061204389950277 Fcluster=0.08058302447458845
#L W sum(c^2)
0.08071957174093652 0.08075620045315585 2.3927377005965263e-07
0.08060461814208625 0.08055000911122456 1.0594484421482112e-07
0.08060549742835328 0.08059100826591231 7.340952075860258e-09
0.08060570389260249 0.08059100826591231 7.340950057931728e-09
0.08060598344614955 0.08059085232342614 7.506472319818206e-09
0.08060643900245688 0.08059278066682826 7.08285840839414e-09
0.08060711132065267 0.08059278066682826 7.08285832437678e-09
0.0806081133859827 0.08059051964590072 7.087360396823923e-09
0.08060961626509759 0.08059116555139381 7.058227899519523e-09
0.080611709154698 0.08058738266320577 6.619689212382452e-09
