#Faca=0.09914025324025351 Fcluster=0.09905476407223963
#L W sum(c^2)
0.09922317167950238 0.09959543093446607 9.378703122727924e-08
0.09913798329509076 0.0989847898094226 2.204353149325171e-08
0.09913826072296787 0.0990836543289389 7.768410675142798e-09
0.09913843643244298 0.09913323012611738 5.992272482325815e-09
0.09913868923143758 0.09913323012611738 5.992272457537968e-09
0.09913903499012325 0.09914014623854436 5.9944049318298874e-09
0.0991395806244833 0.09914407772326678 5.7469822061500194e-09
0.09914038803393713 0.09914114413406536 5.721661509812158e-09
0.09914142325900986 0.0991409567373983 5.111558604527258e-09
0.09914306080467584 0.0991409567373983 5.111558401108996e-09
